t	v
0.0000	0.00032031
0.2000	0.00032025
0.4000	0.00032031
0.6000	0.00032025
0.8000	0.00032018
1.0000	0.00032040
1.2000	0.00032021
1.4000	0.00032022
1.6000	0.00032023
1.8000	0.00032017
2.0000	0.00032011
2.2000	0.00032002
2.4000	0.00032002
2.6000	0.00032005
2.8000	0.00032020
3.0000	0.00032008
3.2000	0.00031997
3.4000	0.00032013
3.6000	0.00031998
3.8000	0.00031995
4.0000	0.00031990
4.2000	0.00031997
4.4000	0.00031990
4.6000	0.00031998
4.8000	0.00031993
5.0000	0.00031997
5.2000	0.00031988
5.4000	0.00031996
5.6000	0.00031987
5.8000	0.00031973
6.0000	0.00031978
6.2000	0.00031984
6.4000	0.00031969
6.6000	0.00031981
6.8000	0.00031985
7.0000	0.00031974
7.2000	0.00031961
7.4000	0.00031964
7.6000	0.00031967
7.8000	0.00031973
8.0000	0.00031975
8.2000	0.00031978
8.4000	0.00031977
8.6000	0.00031966
8.8000	0.00031969
9.0000	0.00031968
9.2000	0.00031948
9.4000	0.00031960
9.6000	0.00031957
9.8000	0.00031948
10.0000	0.00031956
10.2000	0.00031956
10.4000	0.00031956
10.6000	0.00031956
10.8000	0.00031945
11.0000	0.00031957
11.2000	0.00031950
11.4000	0.00031946
11.6000	0.00031952
11.8000	0.00031939
12.0000	0.00031932
12.2000	0.00031936
12.4000	0.00031941
12.6000	0.00031934
12.8000	0.00031950
13.0000	0.00031941
13.2000	0.00031936
13.4000	0.00031943
13.6000	0.00031933
13.8000	0.00031933
14.0000	0.00031935
14.2000	0.00031922
14.4000	0.00031927
14.6000	0.00031935
14.8000	0.00031930
15.0000	0.00031921
15.2000	0.00031924
15.4000	0.00031924
15.6000	0.00031921
15.8000	0.00031926
16.0000	0.00031910
16.2000	0.00031913
16.4000	0.00031914
16.6000	0.00031928
16.8000	0.00031925
17.0000	0.00031921
17.2000	0.00031918
17.4000	0.00031922
17.6000	0.00031915
17.8000	0.00031914
18.0000	0.00031904
18.2000	0.00031907
18.4000	0.00031908
18.6000	0.00031893
18.8000	0.00031902
19.0000	0.00031900
19.2000	0.00031896
19.4000	0.00031909
19.6000	0.00031903
19.8000	0.00031894
20.0000	0.00031900
20.2000	0.00031893
20.4000	0.00031889
20.6000	0.00031891
20.8000	0.00031889
21.0000	0.00031888
21.2000	0.00031888
21.4000	0.00031891
21.6000	0.00031888
21.8000	0.00031890
22.0000	0.00031884
22.2000	0.00031881
22.4000	0.00031892
22.6000	0.00031881
22.8000	0.00031876
23.0000	0.00031880
23.2000	0.00031873
23.4000	0.00031876
23.6000	0.00031867
23.8000	0.00031874
24.0000	0.00031871
24.2000	0.00031872
24.4000	0.00031877
24.6000	0.00031868
24.8000	0.00031870
25.0000	0.00031871
25.2000	0.00031863
25.4000	0.00031859
25.6000	0.00031858
25.8000	0.00031870
26.0000	0.00031853
26.2000	0.00031859
26.4000	0.00031845
26.6000	0.00031855
26.8000	0.00031851
27.0000	0.00031848
27.2000	0.00031854
27.4000	0.00031856
27.6000	0.00031845
27.8000	0.00031852
28.0000	0.00031839
28.2000	0.00031851
28.4000	0.00031855
28.6000	0.00031850
28.8000	0.00031838
29.0000	0.00031852
29.2000	0.00031846
29.4000	0.00031839
29.6000	0.00031848
29.8000	0.00031831
30.0000	0.00031845
30.2000	0.00031840
30.4000	0.00031835
30.6000	0.00031830
30.8000	0.00031826
31.0000	0.00031828
31.2000	0.00031827
31.4000	0.00031822
31.6000	0.00031818
31.8000	0.00031819
32.0000	0.00031817
32.2000	0.00031816
32.4000	0.00031824
32.6000	0.00031836
32.8000	0.00031821
33.0000	0.00031826
33.2000	0.00031820
33.4000	0.00031801
33.6000	0.00031813
33.8000	0.00031819
34.0000	0.00031813
34.2000	0.00031818
34.4000	0.00031818
34.6000	0.00031798
34.8000	0.00031798
35.0000	0.00031811
35.2000	0.00031804
35.4000	0.00031799
35.6000	0.00031794
35.8000	0.00031807
36.0000	0.00031800
36.2000	0.00031803
36.4000	0.00031796
36.6000	0.00031793
36.8000	0.00031798
37.0000	0.00031796
37.2000	0.00031802
37.4000	0.00031790
37.6000	0.00031782
37.8000	0.00031795
38.0000	0.00031787
38.2000	0.00031787
38.4000	0.00031790
38.6000	0.00031782
38.8000	0.00031796
39.0000	0.00031785
39.2000	0.00031787
39.4000	0.00031782
39.6000	0.00031783
39.8000	0.00031780
40.0000	0.00031770
40.2000	0.00031767
40.4000	0.00031782
40.6000	0.00031779
40.8000	0.00031769
41.0000	0.00031772
41.2000	0.00031774
41.4000	0.00031775
41.6000	0.00031768
41.8000	0.00031760
42.0000	0.00031767
42.2000	0.00031767
42.4000	0.00031763
42.6000	0.00031759
42.8000	0.00031759
43.0000	0.00031760
43.2000	0.00031751
43.4000	0.00031762
43.6000	0.00031750
43.8000	0.00031753
44.0000	0.00031755
44.2000	0.00031761
44.4000	0.00031757
44.6000	0.00031752
44.8000	0.00031754
45.0000	0.00031748
45.2000	0.00031745
45.4000	0.00031736
45.6000	0.00031752
45.8000	0.00031730
46.0000	0.00031749
46.2000	0.00031739
46.4000	0.00031741
46.6000	0.00031741
46.8000	0.00031735
47.0000	0.00031742
47.2000	0.00031733
47.4000	0.00031733
47.6000	0.00031733
47.8000	0.00031728
48.0000	0.00031731
48.2000	0.00031734
48.4000	0.00031729
48.6000	0.00031725
48.8000	0.00031725
49.0000	0.00031718
49.2000	0.00031716
49.4000	0.00031722
49.6000	0.00031716
49.8000	0.00031708
50.0000	0.00031718
50.2000	0.00031723
50.4000	0.00031719
50.6000	0.00031717
50.8000	0.00031714
51.0000	0.00031709
51.2000	0.00031709
51.4000	0.00031716
51.6000	0.00031712
51.8000	0.00031710
52.0000	0.00031693
52.2000	0.00031700
52.4000	0.00031709
52.6000	0.00031704
52.8000	0.00031695
53.0000	0.00031709
53.2000	0.00031693
53.4000	0.00031698
53.6000	0.00031699
53.8000	0.00031687
54.0000	0.00031692
54.2000	0.00031691
54.4000	0.00031696
54.6000	0.00031691
54.8000	0.00031697
55.0000	0.00031684
55.2000	0.00031685
55.4000	0.00031685
55.6000	0.00031694
55.8000	0.00031675
56.0000	0.00031689
56.2000	0.00031678
56.4000	0.00031673
56.6000	0.00031671
56.8000	0.00031679
57.0000	0.00031676
57.2000	0.00031677
57.4000	0.00031672
57.6000	0.00031668
57.8000	0.00031670
58.0000	0.00031673
58.2000	0.00031671
58.4000	0.00031668
58.6000	0.00031675
58.8000	0.00031669
59.0000	0.00031669
59.2000	0.00031668
59.4000	0.00031656
59.6000	0.00031667
59.8000	0.00031659
60.0000	0.00031656
60.2000	0.00031660
60.4000	0.00031657
60.6000	0.00031653
60.8000	0.00031652
61.0000	0.00031652
61.2000	0.00031656
61.4000	0.00031639
61.6000	0.00031650
61.8000	0.00031647
62.0000	0.00031649
62.2000	0.00031656
62.4000	0.00031649
62.6000	0.00031647
62.8000	0.00031643
63.0000	0.00031646
63.2000	0.00031641
63.4000	0.00031639
63.6000	0.00031645
63.8000	0.00031639
64.0000	0.00031634
64.2000	0.00031636
64.4000	0.00031643
64.6000	0.00031632
64.8000	0.00031635
65.0000	0.00031630
65.2000	0.00031637
65.4000	0.00031631
65.6000	0.00031625
65.8000	0.00031638
66.0000	0.00031627
66.2000	0.00031627
66.4000	0.00031631
66.6000	0.00031632
66.8000	0.00031612
67.0000	0.00031619
67.2000	0.00031616
67.4000	0.00031614
67.6000	0.00031623
67.8000	0.00031616
68.0000	0.00031736
68.2000	0.00031741
68.4000	0.00032275
68.6000	0.00032042
68.8000	0.00034445
69.0000	0.00035375
69.2000	0.00037438
69.4000	0.00037413
69.6000	0.00037317
69.8000	0.00037580
70.0000	0.00037682
70.2000	0.00037415
70.4000	0.00037342
70.6000	0.00037624
70.8000	0.00037564
71.0000	0.00037551
71.2000	0.00037190
71.4000	0.00037463
71.6000	0.00037331
71.8000	0.00037497
72.0000	0.00037653
72.2000	0.00037439
72.4000	0.00037616
72.6000	0.00037212
72.8000	0.00037481
73.0000	0.00037261
73.2000	0.00037798
73.4000	0.00037565
73.6000	0.00037241
73.8000	0.00037725
74.0000	0.00037332
74.2000	0.00037206
74.4000	0.00037064
74.6000	0.00037246
74.8000	0.00037357
75.0000	0.00037213
75.2000	0.00037232
75.4000	0.00037010
75.6000	0.00037165
75.8000	0.00037516
76.0000	0.00037646
76.2000	0.00037324
76.4000	0.00037288
76.6000	0.00037489
76.8000	0.00037115
77.0000	0.00037454
77.2000	0.00037156
77.4000	0.00037269
77.6000	0.00037037
77.8000	0.00037109
78.0000	0.00037142
78.2000	0.00036912
78.4000	0.00037628
78.6000	0.00037050
78.8000	0.00037198
79.0000	0.00037418
79.2000	0.00036985
79.4000	0.00037085
79.6000	0.00036892
79.8000	0.00037465
80.0000	0.00037185
80.2000	0.00037076
80.4000	0.00037282
80.6000	0.00037282
80.8000	0.00037335
81.0000	0.00037300
81.2000	0.00037471
81.4000	0.00037067
81.6000	0.00037502
81.8000	0.00036910
82.0000	0.00037349
82.2000	0.00037007
82.4000	0.00037025
82.6000	0.00036918
82.8000	0.00037003
83.0000	0.00037152
83.2000	0.00037089
83.4000	0.00037102
83.6000	0.00036796
83.8000	0.00036940
84.0000	0.00037025
84.2000	0.00036978
84.4000	0.00037399
84.6000	0.00036838
84.8000	0.00037280
85.0000	0.00037082
85.2000	0.00036948
85.4000	0.00037013
85.6000	0.00036789
85.8000	0.00037090
86.0000	0.00036982
86.2000	0.00036675
86.4000	0.00036744
86.6000	0.00036990
86.8000	0.00036791
87.0000	0.00036781
87.2000	0.00036960
87.4000	0.00036772
87.6000	0.00037009
87.8000	0.00036771
88.0000	0.00037130
88.2000	0.00036814
88.4000	0.00036696
88.6000	0.00036915
88.8000	0.00036830
89.0000	0.00036984
89.2000	0.00036890
89.4000	0.00036618
89.6000	0.00037015
89.8000	0.00036671
90.0000	0.00036888
90.2000	0.00036773
90.4000	0.00036539
90.6000	0.00036835
90.8000	0.00036843
91.0000	0.00036580
91.2000	0.00036936
91.4000	0.00036549
91.6000	0.00036488
91.8000	0.00036656
92.0000	0.00036633
92.2000	0.00037056
92.4000	0.00036602
92.6000	0.00036712
92.8000	0.00037005
93.0000	0.00036944
93.2000	0.00036689
93.4000	0.00036621
93.6000	0.00036912
93.8000	0.00036451
94.0000	0.00036640
94.2000	0.00036882
94.4000	0.00036486
94.6000	0.00036705
94.8000	0.00036658
95.0000	0.00036299
95.2000	0.00036910
95.4000	0.00036464
95.6000	0.00036464
95.8000	0.00036591
96.0000	0.00036557
96.2000	0.00036467
96.4000	0.00036598
96.6000	0.00036513
96.8000	0.00036494
97.0000	0.00036470
97.2000	0.00036617
97.4000	0.00036697
97.6000	0.00036594
97.8000	0.00036622
98.0000	0.00036447
98.2000	0.00036652
98.4000	0.00036574
98.6000	0.00036482
98.8000	0.00036543
99.0000	0.00036716
99.2000	0.00036624
99.4000	0.00036454
99.6000	0.00036486
99.8000	0.00036488
100.0000	0.00036594
100.2000	0.00036553
100.4000	0.00036578
100.6000	0.00036351
100.8000	0.00036585
101.0000	0.00036669
101.2000	0.00036303
101.4000	0.00036370
101.6000	0.00036564
101.8000	0.00036616
102.0000	0.00036253
102.2000	0.00036716
102.4000	0.00036320
102.6000	0.00036322
102.8000	0.00036570
103.0000	0.00036522
103.2000	0.00036372
103.4000	0.00036321
103.6000	0.00036437
103.8000	0.00036315
104.0000	0.00036392
104.2000	0.00036448
104.4000	0.00036470
104.6000	0.00036284
104.8000	0.00036250
105.0000	0.00036432
105.2000	0.00036305
105.4000	0.00036297
105.6000	0.00036399
105.8000	0.00036201
106.0000	0.00036263
106.2000	0.00036557
106.4000	0.00036348
106.6000	0.00036395
106.8000	0.00036409
107.0000	0.00036253
107.2000	0.00036252
107.4000	0.00036466
107.6000	0.00036418
107.8000	0.00035996
108.0000	0.00036433
108.2000	0.00036336
108.4000	0.00036315
108.6000	0.00036213
108.8000	0.00036356
109.0000	0.00036332
109.2000	0.00036290
109.4000	0.00036422
109.6000	0.00036336
109.8000	0.00036176
110.0000	0.00036313
110.2000	0.00036381
110.4000	0.00036276
110.6000	0.00036089
110.8000	0.00036269
111.0000	0.00036315
111.2000	0.00036234
111.4000	0.00036192
111.6000	0.00036245
111.8000	0.00036117
112.0000	0.00036073
112.2000	0.00036157
112.4000	0.00035985
112.6000	0.00036288
112.8000	0.00036255
113.0000	0.00036324
113.2000	0.00036212
113.4000	0.00036239
113.6000	0.00036321
113.8000	0.00036097
114.0000	0.00035929
114.2000	0.00036020
114.4000	0.00035884
114.6000	0.00036247
114.8000	0.00035974
115.0000	0.00036188
115.2000	0.00036089
115.4000	0.00036219
115.6000	0.00036255
115.8000	0.00036213
116.0000	0.00036173
116.2000	0.00036123
116.4000	0.00036254
116.6000	0.00035938
116.8000	0.00036303
117.0000	0.00035971
117.2000	0.00036073
117.4000	0.00036118
117.6000	0.00035964
117.8000	0.00036038
118.0000	0.00036059
118.2000	0.00036366
118.4000	0.00035895
118.6000	0.00035890
118.8000	0.00036139
119.0000	0.00035954
119.2000	0.00036280
119.4000	0.00035830
119.6000	0.00035902
119.8000	0.00036043
120.0000	0.00036018
120.2000	0.00035966
120.4000	0.00036133
120.6000	0.00035806
120.8000	0.00036249
121.0000	0.00035875
121.2000	0.00035848
121.4000	0.00035930
121.6000	0.00035949
121.8000	0.00036055
122.0000	0.00035796
122.2000	0.00036063
122.4000	0.00035993
122.6000	0.00035854
122.8000	0.00035914
123.0000	0.00035970
123.2000	0.00036036
123.4000	0.00035936
123.6000	0.00036075
123.8000	0.00035927
124.0000	0.00035934
124.2000	0.00035946
124.4000	0.00035933
124.6000	0.00035983
124.8000	0.00036046
125.0000	0.00035906
125.2000	0.00035860
125.4000	0.00035853
125.6000	0.00035880
125.8000	0.00035830
126.0000	0.00035876
126.2000	0.00035893
126.4000	0.00035767
126.6000	0.00035781
126.8000	0.00035698
127.0000	0.00035920
127.2000	0.00035680
127.4000	0.00035952
127.6000	0.00035689
127.8000	0.00035922
128.0000	0.00035794
128.2000	0.00035794
128.4000	0.00035762
128.6000	0.00035744
128.8000	0.00035860
129.0000	0.00035726
129.2000	0.00035914
129.4000	0.00035749
129.6000	0.00035788
129.8000	0.00035657
130.0000	0.00035712
130.2000	0.00035867
130.4000	0.00035837
130.6000	0.00035643
130.8000	0.00035867
131.0000	0.00035776
131.2000	0.00035797
131.4000	0.00035632
131.6000	0.00035757
131.8000	0.00035797
132.0000	0.00035832
132.2000	0.00035760
132.4000	0.00035771
132.6000	0.00035791
132.8000	0.00035609
133.0000	0.00035707
133.2000	0.00035593
133.4000	0.00035821
133.6000	0.00035708
133.8000	0.00035784
134.0000	0.00035624
134.2000	0.00035664
134.4000	0.00035648
134.6000	0.00035734
134.8000	0.00035664
135.0000	0.00035673
135.2000	0.00035768
135.4000	0.00035765
135.6000	0.00035809
135.8000	0.00035601
136.0000	0.00035769
136.2000	0.00035822
136.4000	0.00035607
136.6000	0.00035690
136.8000	0.00035543
137.0000	0.00035698
137.2000	0.00035647
137.4000	0.00035603
137.6000	0.00035564
137.8000	0.00035756
138.0000	0.00035515
138.2000	0.00035759
138.4000	0.00035553
138.6000	0.00035711
138.8000	0.00035796
139.0000	0.00035625
139.2000	0.00035660
139.4000	0.00035463
139.6000	0.00035732
139.8000	0.00035518
140.0000	0.00035669
140.2000	0.00035505
140.4000	0.00035629
140.6000	0.00035708
140.8000	0.00035604
141.0000	0.00035581
141.2000	0.00035610
141.4000	0.00035549
141.6000	0.00035623
141.8000	0.00035499
142.0000	0.00035506
142.2000	0.00035593
142.4000	0.00035487
142.6000	0.00035544
142.8000	0.00035536
143.0000	0.00035520
143.2000	0.00035537
143.4000	0.00035420
143.6000	0.00035649
143.8000	0.00035599
144.0000	0.00035637
144.2000	0.00035641
144.4000	0.00035518
144.6000	0.00035505
144.8000	0.00035529
145.0000	0.00035598
145.2000	0.00035585
145.4000	0.00035371
145.6000	0.00035533
145.8000	0.00035412
146.0000	0.00035527
146.2000	0.00035484
146.4000	0.00035522
146.6000	0.00035371
146.8000	0.00035552
147.0000	0.00035353
147.2000	0.00035662
147.4000	0.00035409
147.6000	0.00035437
147.8000	0.00035491
148.0000	0.00035470
148.2000	0.00035423
148.4000	0.00035413
148.6000	0.00035447
148.8000	0.00035489
149.0000	0.00035496
149.2000	0.00035516
149.4000	0.00035343
149.6000	0.00035404
149.8000	0.00035571
150.0000	0.00035361
150.2000	0.00035445
150.4000	0.00035528
150.6000	0.00035508
150.8000	0.00035372
151.0000	0.00035422
151.2000	0.00035299
151.4000	0.00035422
151.6000	0.00035357
151.8000	0.00035347
152.0000	0.00035377
152.2000	0.00035524
152.4000	0.00035385
152.6000	0.00035379
152.8000	0.00035369
153.0000	0.00035289
153.2000	0.00035271
153.4000	0.00035398
153.6000	0.00035387
153.8000	0.00035319
154.0000	0.00035444
154.2000	0.00035268
154.4000	0.00035311
154.6000	0.00035406
154.8000	0.00035362
155.0000	0.00035361
155.2000	0.00035391
155.4000	0.00035300
155.6000	0.00035394
155.8000	0.00035184
156.0000	0.00035410
156.2000	0.00035306
156.4000	0.00035391
156.6000	0.00035435
156.8000	0.00035270
157.0000	0.00035324
157.2000	0.00035255
157.4000	0.00035270
157.6000	0.00035293
157.8000	0.00035311
158.0000	0.00035311
158.2000	0.00035292
158.4000	0.00035351
158.6000	0.00035198
158.8000	0.00035386
159.0000	0.00035163
159.2000	0.00035319
159.4000	0.00035385
159.6000	0.00035248
159.8000	0.00035160
160.0000	0.00035286
160.2000	0.00035331
160.4000	0.00035249
160.6000	0.00035321
160.8000	0.00035268
161.0000	0.00035296
161.2000	0.00035256
161.4000	0.00035289
161.6000	0.00035245
161.8000	0.00035243
162.0000	0.00035211
162.2000	0.00035277
162.4000	0.00035128
162.6000	0.00035398
162.8000	0.00035304
163.0000	0.00035232
163.2000	0.00035287
163.4000	0.00035201
163.6000	0.00035242
163.8000	0.00035243
164.0000	0.00035219
164.2000	0.00035180
164.4000	0.00035176
164.6000	0.00035205
164.8000	0.00035198
165.0000	0.00035262
165.2000	0.00035254
165.4000	0.00035182
165.6000	0.00035177
165.8000	0.00035283
166.0000	0.00035069
166.2000	0.00035130
166.4000	0.00035055
166.6000	0.00035103
166.8000	0.00035219
167.0000	0.00035049
167.2000	0.00035151
167.4000	0.00035385
167.6000	0.00035145
167.8000	0.00035411
168.0000	0.00035371
168.2000	0.00035184
168.4000	0.00034803
168.6000	0.00034751
168.8000	0.00035416
169.0000	0.00035349
169.2000	0.00034626
169.4000	0.00034869
169.6000	0.00034894
169.8000	0.00034869
170.0000	0.00034953
170.2000	0.00034916
170.4000	0.00034877
170.6000	0.00034915
170.8000	0.00034892
171.0000	0.00034920
171.2000	0.00034870
171.4000	0.00034900
171.6000	0.00034881
171.8000	0.00034891
172.0000	0.00034885
172.2000	0.00034885
172.4000	0.00034886
172.6000	0.00034876
172.8000	0.00034882
173.0000	0.00034881
173.2000	0.00034881
173.4000	0.00034881
173.6000	0.00034867
173.8000	0.00034868
174.0000	0.00034872
174.2000	0.00034873
174.4000	0.00034869
174.6000	0.00034871
174.8000	0.00034875
175.0000	0.00034861
175.2000	0.00034862
175.4000	0.00034856
175.6000	0.00034856
175.8000	0.00034867
176.0000	0.00034850
176.2000	0.00034858
176.4000	0.00034868
176.6000	0.00034856
176.8000	0.00034860
177.0000	0.00034845
177.2000	0.00034852
177.4000	0.00034853
177.6000	0.00034843
177.8000	0.00034847
178.0000	0.00034851
178.2000	0.00034849
178.4000	0.00034840
178.6000	0.00034831
178.8000	0.00034851
179.0000	0.00034839
179.2000	0.00034843
179.4000	0.00034833
179.6000	0.00034831
179.8000	0.00034840
180.0000	0.00034840
180.2000	0.00034822
180.4000	0.00034833
180.6000	0.00034836
180.8000	0.00034836
181.0000	0.00034830
181.2000	0.00034820
181.4000	0.00034834
181.6000	0.00034820
181.8000	0.00034824
182.0000	0.00034812
182.2000	0.00034827
182.4000	0.00034816
182.6000	0.00034818
182.8000	0.00034818
183.0000	0.00034813
183.2000	0.00034824
183.4000	0.00034815
183.6000	0.00034811
183.8000	0.00034806
184.0000	0.00034817
184.2000	0.00034809
184.4000	0.00034803
184.6000	0.00034808
184.8000	0.00034822
185.0000	0.00034812
185.2000	0.00034798
185.4000	0.00034807
185.6000	0.00034812
185.8000	0.00034800
186.0000	0.00034798
186.2000	0.00034795
186.4000	0.00034801
186.6000	0.00034806
186.8000	0.00034793
187.0000	0.00034798
187.2000	0.00034797
187.4000	0.00034801
187.6000	0.00034791
187.8000	0.00034793
188.0000	0.00034809
188.2000	0.00034787
188.4000	0.00034795
188.6000	0.00034785
188.8000	0.00034790
189.0000	0.00034786
189.2000	0.00034790
189.4000	0.00034778
189.6000	0.00034785
189.8000	0.00034780
190.0000	0.00034787
190.2000	0.00034783
190.4000	0.00034780
190.6000	0.00034777
190.8000	0.00034785
191.0000	0.00034804
191.2000	0.00034791
191.4000	0.00034776
191.6000	0.00034783
191.8000	0.00034766
192.0000	0.00034770
192.2000	0.00034779
192.4000	0.00034769
192.6000	0.00034765
192.8000	0.00034761
193.0000	0.00034767
193.2000	0.00034761
193.4000	0.00034776
193.6000	0.00034766
193.8000	0.00034763
194.0000	0.00034767
194.2000	0.00034746
194.4000	0.00034749
194.6000	0.00034754
194.8000	0.00034755
195.0000	0.00034746
195.2000	0.00034757
195.4000	0.00034752
195.6000	0.00034750
195.8000	0.00034743
196.0000	0.00034744
196.2000	0.00034750
196.4000	0.00034743
196.6000	0.00034754
196.8000	0.00034746
197.0000	0.00034744
197.2000	0.00034746
197.4000	0.00034740
197.6000	0.00034723
197.8000	0.00034751
198.0000	0.00034740
198.2000	0.00034754
198.4000	0.00034737
198.6000	0.00034732
198.8000	0.00034738
199.0000	0.00034728
199.2000	0.00034739
199.4000	0.00034740
199.6000	0.00034735
199.8000	0.00034729
200.0000	0.00034724
200.2000	0.00034741
200.4000	0.00034733
200.6000	0.00034729
200.8000	0.00034733
201.0000	0.00034726
201.2000	0.00034728
201.4000	0.00034722
201.6000	0.00034729
201.8000	0.00034729
202.0000	0.00034721
202.2000	0.00034719
202.4000	0.00034720
202.6000	0.00034721
202.8000	0.00034716
203.0000	0.00034717
203.2000	0.00034721
203.4000	0.00034711
203.6000	0.00034707
203.8000	0.00034723
204.0000	0.00034721
204.2000	0.00034712
204.4000	0.00034710
204.6000	0.00034705
204.8000	0.00034705
205.0000	0.00034709
205.2000	0.00034710
205.4000	0.00034715
205.6000	0.00034695
205.8000	0.00034706
206.0000	0.00034694
206.2000	0.00034699
206.4000	0.00034697
206.6000	0.00034700
206.8000	0.00034681
207.0000	0.00034694
207.2000	0.00034691
207.4000	0.00034699
207.6000	0.00034697
207.8000	0.00034690
208.0000	0.00034688
208.2000	0.00034692
208.4000	0.00034695
208.6000	0.00034693
208.8000	0.00034691
209.0000	0.00034687
209.2000	0.00034691
209.4000	0.00034688
209.6000	0.00034685
209.8000	0.00034688
210.0000	0.00034680
210.2000	0.00034682
210.4000	0.00034681
210.6000	0.00034685
210.8000	0.00034671
211.0000	0.00034682
211.2000	0.00034658
211.4000	0.00034682
211.6000	0.00034665
211.8000	0.00034676
212.0000	0.00034674
212.2000	0.00034679
212.4000	0.00034670
212.6000	0.00034675
212.8000	0.00034665
213.0000	0.00034654
213.2000	0.00034668
213.4000	0.00034663
213.6000	0.00034671
213.8000	0.00034671
214.0000	0.00034665
214.2000	0.00034668
214.4000	0.00034666
214.6000	0.00034666
214.8000	0.00034666
215.0000	0.00034655
215.2000	0.00034662
215.4000	0.00034660
215.6000	0.00034651
215.8000	0.00034648
216.0000	0.00034652
216.2000	0.00034650
216.4000	0.00034661
216.6000	0.00034655
216.8000	0.00034656
217.0000	0.00034646
217.2000	0.00034646
217.4000	0.00034646
217.6000	0.00034646
217.8000	0.00034637
218.0000	0.00034650
218.2000	0.00034644
218.4000	0.00034635
218.6000	0.00034647
218.8000	0.00034644
219.0000	0.00034648
219.2000	0.00034638
219.4000	0.00034640
219.6000	0.00034629
219.8000	0.00034634
220.0000	0.00034622
220.2000	0.00034634
220.4000	0.00034631
220.6000	0.00034625
220.8000	0.00034620
221.0000	0.00034623
221.2000	0.00034632
221.4000	0.00034625
221.6000	0.00034621
221.8000	0.00034621
222.0000	0.00034622
222.2000	0.00034625
222.4000	0.00034621
222.6000	0.00034616
222.8000	0.00034619
223.0000	0.00034622
223.2000	0.00034617
223.4000	0.00034619
223.6000	0.00034611
223.8000	0.00034615
224.0000	0.00034618
224.2000	0.00034612
224.4000	0.00034622
224.6000	0.00034608
224.8000	0.00034609
225.0000	0.00034608
225.2000	0.00034602
225.4000	0.00034605
225.6000	0.00034611
225.8000	0.00034588
226.0000	0.00034612
226.2000	0.00034600
226.4000	0.00034602
226.6000	0.00034603
226.8000	0.00034609
227.0000	0.00034598
227.2000	0.00034596
227.4000	0.00034600
227.6000	0.00034598
227.8000	0.00034587
228.0000	0.00034597
228.2000	0.00034587
228.4000	0.00034599
228.6000	0.00034578
228.8000	0.00034589
229.0000	0.00034581
229.2000	0.00034592
229.4000	0.00034586
229.6000	0.00034593
229.8000	0.00034586
230.0000	0.00034582
230.2000	0.00034572
230.4000	0.00034580
230.6000	0.00034583
230.8000	0.00034582
231.0000	0.00034574
231.2000	0.00034574
231.4000	0.00034582
231.6000	0.00034575
231.8000	0.00034582
232.0000	0.00034577
232.2000	0.00034566
232.4000	0.00034577
232.6000	0.00034560
232.8000	0.00034554
233.0000	0.00034568
233.2000	0.00034571
233.4000	0.00034561
233.6000	0.00034573
233.8000	0.00034569
234.0000	0.00034556
234.2000	0.00034561
234.4000	0.00034565
234.6000	0.00034563
234.8000	0.00034563
235.0000	0.00034557
235.2000	0.00034559
235.4000	0.00034559
235.6000	0.00034549
235.8000	0.00034550
236.0000	0.00034544
236.2000	0.00034550
236.4000	0.00034548
236.6000	0.00034567
236.8000	0.00034541
237.0000	0.00034548
237.2000	0.00033607
237.4000	0.00029453
237.6000	0.00029322
237.8000	0.00028616
238.0000	0.00028617
238.2000	0.00028545
238.4000	0.00028554
238.6000	0.00028564
238.8000	0.00028549
239.0000	0.00028568
239.2000	0.00028555
239.4000	0.00028558
239.6000	0.00028552
239.8000	0.00028554
240.0000	0.00028552
240.2000	0.00028539
240.4000	0.00028547
240.6000	0.00028552
240.8000	0.00028555
241.0000	0.00028539
241.2000	0.00028543
241.4000	0.00028550
241.6000	0.00028564
241.8000	0.00028538
242.0000	0.00028547
242.2000	0.00028542
242.4000	0.00028534
242.6000	0.00028536
242.8000	0.00028543
243.0000	0.00028529
243.2000	0.00028532
243.4000	0.00028527
243.6000	0.00028533
243.8000	0.00028532
244.0000	0.00028530
244.2000	0.00028536
244.4000	0.00028529
244.6000	0.00028536
244.8000	0.00028524
245.0000	0.00028534
245.2000	0.00028530
245.4000	0.00028525
245.6000	0.00028525
245.8000	0.00028535
246.0000	0.00028531
246.2000	0.00028531
246.4000	0.00028519
246.6000	0.00028524
246.8000	0.00028509
247.0000	0.00028522
247.2000	0.00028534
247.4000	0.00028529
247.6000	0.00028514
247.8000	0.00028522
248.0000	0.00028511
248.2000	0.00028521
248.4000	0.00028512
248.6000	0.00028512
248.8000	0.00028506
249.0000	0.00028518
249.2000	0.00028510
249.4000	0.00028515
249.6000	0.00028510
249.8000	0.00028509
250.0000	0.00028500
250.2000	0.00028492
250.4000	0.00028505
250.6000	0.00028498
250.8000	0.00028504
251.0000	0.00028500
251.2000	0.00028496
251.4000	0.00028505
251.6000	0.00028499
251.8000	0.00028504
252.0000	0.00028497
252.2000	0.00028496
252.4000	0.00028496
252.6000	0.00028484
252.8000	0.00028481
253.0000	0.00028488
253.2000	0.00028490
253.4000	0.00028501
253.6000	0.00028496
253.8000	0.00028483
254.0000	0.00028478
254.2000	0.00028495
254.4000	0.00028482
254.6000	0.00028481
254.8000	0.00028470
255.0000	0.00028481
255.2000	0.00028484
255.4000	0.00028478
255.6000	0.00028484
255.8000	0.00028477
256.0000	0.00028475
256.2000	0.00028484
256.4000	0.00028475
256.6000	0.00028476
256.8000	0.00028468
257.0000	0.00028478
257.2000	0.00028475
257.4000	0.00028477
257.6000	0.00028482
257.8000	0.00028462
258.0000	0.00028461
258.2000	0.00028475
258.4000	0.00028475
258.6000	0.00028457
258.8000	0.00028467
259.0000	0.00028466
259.2000	0.00028466
259.4000	0.00028460
259.6000	0.00028455
259.8000	0.00028466
260.0000	0.00028460
260.2000	0.00028452
260.4000	0.00028465
260.6000	0.00028451
260.8000	0.00028450
261.0000	0.00028465
261.2000	0.00028459
261.4000	0.00028463
261.6000	0.00028450
261.8000	0.00028453
262.0000	0.00028452
262.2000	0.00028458
262.4000	0.00028447
262.6000	0.00028450
262.8000	0.00028450
263.0000	0.00028448
263.2000	0.00028441
263.4000	0.00028445
263.6000	0.00028440
263.8000	0.00028441
264.0000	0.00028450
264.2000	0.00028453
264.4000	0.00028440
264.6000	0.00028440
264.8000	0.00028436
265.0000	0.00028445
265.2000	0.00028444
265.4000	0.00028442
265.6000	0.00028424
265.8000	0.00028437
266.0000	0.00028440
266.2000	0.00028430
266.4000	0.00028428
266.6000	0.00028421
266.8000	0.00028426
267.0000	0.00028423
267.2000	0.00028418
267.4000	0.00028419
267.6000	0.00028423
267.8000	0.00028438
268.0000	0.00028421
268.2000	0.00028420
268.4000	0.00028424
268.6000	0.00028417
268.8000	0.00028421
269.0000	0.00028419
269.2000	0.00028419
269.4000	0.00028407
269.6000	0.00028416
269.8000	0.00028406
270.0000	0.00028422
270.2000	0.00028414
270.4000	0.00028408
270.6000	0.00028415
270.8000	0.00028412
271.0000	0.00028414
271.2000	0.00028410
271.4000	0.00028405
271.6000	0.00028417
271.8000	0.00028406
272.0000	0.00028401
272.2000	0.00028403
272.4000	0.00028407
272.6000	0.00028401
272.8000	0.00028393
273.0000	0.00028400
273.2000	0.00028402
273.4000	0.00028389
273.6000	0.00028401
273.8000	0.00028392
274.0000	0.00028399
274.2000	0.00028402
274.4000	0.00028395
274.6000	0.00028395
274.8000	0.00028401
275.0000	0.00028402
275.2000	0.00028388
275.4000	0.00028395
275.6000	0.00028385
275.8000	0.00028390
276.0000	0.00028396
276.2000	0.00028389
276.4000	0.00028384
276.6000	0.00028387
276.8000	0.00028373
277.0000	0.00028394
277.2000	0.00028378
277.4000	0.00028377
277.6000	0.00028381
277.8000	0.00028378
278.0000	0.00028379
278.2000	0.00028379
278.4000	0.00028383
278.6000	0.00028362
278.8000	0.00028381
279.0000	0.00028374
279.2000	0.00028379
279.4000	0.00028373
279.6000	0.00028371
279.8000	0.00028369
280.0000	0.00028372
280.2000	0.00028360
280.4000	0.00028364
280.6000	0.00028363
280.8000	0.00028365
281.0000	0.00028361
281.2000	0.00028356
281.4000	0.00028367
281.6000	0.00028353
281.8000	0.00028352
282.0000	0.00028361
282.2000	0.00028357
282.4000	0.00028348
282.6000	0.00028351
282.8000	0.00028354
283.0000	0.00028357
283.2000	0.00028352
283.4000	0.00028355
283.6000	0.00028358
283.8000	0.00028355
284.0000	0.00028359
284.2000	0.00028350
284.4000	0.00028351
284.6000	0.00028347
284.8000	0.00028354
285.0000	0.00028350
285.2000	0.00028342
285.4000	0.00028352
285.6000	0.00028354
285.8000	0.00028338
286.0000	0.00028344
286.2000	0.00028343
286.4000	0.00028338
286.6000	0.00028342
286.8000	0.00028335
287.0000	0.00028337
287.2000	0.00028322
287.4000	0.00028334
287.6000	0.00028336
287.8000	0.00028346
288.0000	0.00028327
288.2000	0.00028327
288.4000	0.00028328
288.6000	0.00028330
288.8000	0.00028333
289.0000	0.00028329
289.2000	0.00028326
289.4000	0.00028333
289.6000	0.00028344
289.8000	0.00028319
290.0000	0.00028326
290.2000	0.00028322
290.4000	0.00028327
290.6000	0.00028325
290.8000	0.00028323
291.0000	0.00028316
291.2000	0.00028330
291.4000	0.00028325
291.6000	0.00028324
291.8000	0.00028318
292.0000	0.00028316
292.2000	0.00028309
292.4000	0.00028316
292.6000	0.00028315
292.8000	0.00028310
293.0000	0.00028315
293.2000	0.00028307
293.4000	0.00028308
293.6000	0.00028319
293.8000	0.00028301
294.0000	0.00028324
294.2000	0.00028292
294.4000	0.00028298
294.6000	0.00028290
294.8000	0.00028305
295.0000	0.00028298
295.2000	0.00028300
295.4000	0.00028301
295.6000	0.00028285
295.8000	0.00028289
296.0000	0.00028294
296.2000	0.00028297
296.4000	0.00028302
296.6000	0.00028288
296.8000	0.00028301
297.0000	0.00028291
297.2000	0.00028279
297.4000	0.00028290
297.6000	0.00028289
297.8000	0.00028288
298.0000	0.00028297
298.2000	0.00028282
298.4000	0.00028293
298.6000	0.00028293
298.8000	0.00028278
299.0000	0.00028285
299.2000	0.00028275
299.4000	0.00028279
299.6000	0.00028281
299.8000	0.00028274
300.0000	0.00028285
300.2000	0.00028282
300.4000	0.00028280
300.6000	0.00028274
300.8000	0.00028283
301.0000	0.00028276
301.2000	0.00028279
301.4000	0.00028278
301.6000	0.00028271
301.8000	0.00028264
302.0000	0.00028282
302.2000	0.00028264
302.4000	0.00028266
302.6000	0.00028260
302.8000	0.00028259
303.0000	0.00028265
303.2000	0.00028261
303.4000	0.00028263
303.6000	0.00028260
303.8000	0.00028264
304.0000	0.00028266
304.2000	0.00028266
304.4000	0.00028249
304.6000	0.00028270
304.8000	0.00028259
305.0000	0.00028255
305.2000	0.00028263
305.4000	0.00028258
305.6000	0.00028255
305.8000	0.00028243
306.0000	0.00028243
306.2000	0.00028253
306.4000	0.00028234
306.6000	0.00028252
306.8000	0.00028254
307.0000	0.00028254
307.2000	0.00028254
307.4000	0.00028250
307.6000	0.00028232
307.8000	0.00028249
308.0000	0.00028257
308.2000	0.00028234
308.4000	0.00028244
308.6000	0.00028243
308.8000	0.00028244
309.0000	0.00028238
309.2000	0.00028241
309.4000	0.00028236
309.6000	0.00028236
309.8000	0.00028235
310.0000	0.00028239
310.2000	0.00028240
310.4000	0.00028234
310.6000	0.00028230
310.8000	0.00028304
311.0000	0.00028408
311.2000	0.00029365
311.4000	0.00029871
311.6000	0.00030464
311.8000	0.00030046
312.0000	0.00030402
312.2000	0.00030188
312.4000	0.00030215
312.6000	0.00030245
312.8000	0.00029997
313.0000	0.00030055
313.2000	0.00030342
313.4000	0.00030252
313.6000	0.00030273
313.8000	0.00030169
314.0000	0.00030095
314.2000	0.00030260
314.4000	0.00030247
314.6000	0.00030181
314.8000	0.00030380
315.0000	0.00030415
315.2000	0.00030106
315.4000	0.00030078
315.6000	0.00030236
315.8000	0.00030094
316.0000	0.00030127
316.2000	0.00030236
316.4000	0.00030157
316.6000	0.00030238
316.8000	0.00030257
317.0000	0.00029917
317.2000	0.00030178
317.4000	0.00030215
317.6000	0.00030081
317.8000	0.00030297
318.0000	0.00030072
318.2000	0.00030027
318.4000	0.00030076
318.6000	0.00029920
318.8000	0.00030183
319.0000	0.00029931
319.2000	0.00030069
319.4000	0.00029949
319.6000	0.00030161
319.8000	0.00030024
320.0000	0.00030045
320.2000	0.00029969
320.4000	0.00030194
320.6000	0.00029930
320.8000	0.00030076
321.0000	0.00030151
321.2000	0.00029987
321.4000	0.00030108
321.6000	0.00030228
321.8000	0.00030019
322.0000	0.00030176
322.2000	0.00030015
322.4000	0.00030208
322.6000	0.00030059
322.8000	0.00029957
323.0000	0.00030147
323.2000	0.00029948
323.4000	0.00030083
323.6000	0.00029993
323.8000	0.00030050
324.0000	0.00029778
324.2000	0.00029999
324.4000	0.00030007
324.6000	0.00029900
324.8000	0.00029987
325.0000	0.00030012
325.2000	0.00029931
325.4000	0.00029944
325.6000	0.00029941
325.8000	0.00029964
326.0000	0.00029907
326.2000	0.00029908
326.4000	0.00030035
326.6000	0.00029933
326.8000	0.00029890
327.0000	0.00029916
327.2000	0.00029949
327.4000	0.00030129
327.6000	0.00029926
327.8000	0.00029876
328.0000	0.00030005
328.2000	0.00030039
328.4000	0.00029944
328.6000	0.00029927
328.8000	0.00029800
329.0000	0.00029890
329.2000	0.00029902
329.4000	0.00029932
329.6000	0.00029967
329.8000	0.00030034
330.0000	0.00029762
330.2000	0.00029989
330.4000	0.00029745
330.6000	0.00029933
330.8000	0.00029875
331.0000	0.00029843
331.2000	0.00029941
331.4000	0.00029853
331.6000	0.00029897
331.8000	0.00029982
332.0000	0.00029948
332.2000	0.00029893
332.4000	0.00029811
332.6000	0.00029968
332.8000	0.00029794
333.0000	0.00029829
333.2000	0.00029796
333.4000	0.00029865
333.6000	0.00029882
333.8000	0.00029750
334.0000	0.00029892
334.2000	0.00029729
334.4000	0.00029908
334.6000	0.00029858
334.8000	0.00029882
335.0000	0.00029853
335.2000	0.00029913
335.4000	0.00029762
335.6000	0.00029868
335.8000	0.00029648
336.0000	0.00029829
336.2000	0.00029853
336.4000	0.00029702
336.6000	0.00029713
336.8000	0.00029882
337.0000	0.00029821
337.2000	0.00029672
337.4000	0.00029745
337.6000	0.00029751
337.8000	0.00029746
338.0000	0.00029776
338.2000	0.00029663
338.4000	0.00029660
338.6000	0.00029797
338.8000	0.00029637
339.0000	0.00029836
339.2000	0.00029685
339.4000	0.00029581
339.6000	0.00029739
339.8000	0.00029731
340.0000	0.00029739
340.2000	0.00029694
340.4000	0.00029798
340.6000	0.00029745
340.8000	0.00029685
341.0000	0.00029694
341.2000	0.00029728
341.4000	0.00029571
341.6000	0.00029778
341.8000	0.00029726
342.0000	0.00029741
342.2000	0.00029707
342.4000	0.00029711
342.6000	0.00029859
342.8000	0.00029608
343.0000	0.00029737
343.2000	0.00029644
343.4000	0.00029749
343.6000	0.00029739
343.8000	0.00029637
344.0000	0.00029724
344.2000	0.00029669
344.4000	0.00029719
344.6000	0.00029626
344.8000	0.00029683
345.0000	0.00029718
345.2000	0.00029705
345.4000	0.00029671
345.6000	0.00029618
345.8000	0.00029723
346.0000	0.00029662
346.2000	0.00029605
346.4000	0.00029561
346.6000	0.00029675
346.8000	0.00029729
347.0000	0.00029542
347.2000	0.00029613
347.4000	0.00029529
347.6000	0.00029648
347.8000	0.00029659
348.0000	0.00029597
348.2000	0.00029607
348.4000	0.00029642
348.6000	0.00029613
348.8000	0.00029512
349.0000	0.00029567
349.2000	0.00029601
349.4000	0.00029584
349.6000	0.00029608
349.8000	0.00029566
350.0000	0.00029583
350.2000	0.00029501
350.4000	0.00029589
350.6000	0.00029586
350.8000	0.00029567
351.0000	0.00029594
351.2000	0.00029542
351.4000	0.00029469
351.6000	0.00029515
351.8000	0.00029677
352.0000	0.00029556
352.2000	0.00029512
352.4000	0.00029544
352.6000	0.00029548
352.8000	0.00029591
353.0000	0.00029468
353.2000	0.00029496
353.4000	0.00029548
353.6000	0.00029531
353.8000	0.00029564
354.0000	0.00029531
354.2000	0.00029545
354.4000	0.00029523
354.6000	0.00029507
354.8000	0.00029560
355.0000	0.00029534
355.2000	0.00029528
355.4000	0.00029493
355.6000	0.00029563
355.8000	0.00029519
356.0000	0.00029509
356.2000	0.00029549
356.4000	0.00029556
356.6000	0.00029488
356.8000	0.00029508
357.0000	0.00029421
357.2000	0.00029499
357.4000	0.00029470
357.6000	0.00029516
357.8000	0.00029527
358.0000	0.00029479
358.2000	0.00029501
358.4000	0.00029512
358.6000	0.00029426
358.8000	0.00029492
359.0000	0.00029391
359.2000	0.00029410
359.4000	0.00029515
359.6000	0.00029473
359.8000	0.00029436
360.0000	0.00029499
360.2000	0.00029443
360.4000	0.00029507
360.6000	0.00029425
360.8000	0.00029412
361.0000	0.00029473
361.2000	0.00029399
361.4000	0.00029361
361.6000	0.00029483
361.8000	0.00029546
362.0000	0.00029447
362.2000	0.00029493
362.4000	0.00029351
362.6000	0.00029393
362.8000	0.00029407
363.0000	0.00029470
363.2000	0.00029483
363.4000	0.00029423
363.6000	0.00029443
363.8000	0.00029412
364.0000	0.00029415
364.2000	0.00029427
364.4000	0.00029401
364.6000	0.00029361
364.8000	0.00029366
365.0000	0.00029395
365.2000	0.00029361
365.4000	0.00029404
365.6000	0.00029460
365.8000	0.00029418
366.0000	0.00029372
366.2000	0.00029422
366.4000	0.00029363
366.6000	0.00029393
366.8000	0.00029352
367.0000	0.00029362
367.2000	0.00029437
367.4000	0.00029343
367.6000	0.00029333
367.8000	0.00029348
368.0000	0.00029319
368.2000	0.00029348
368.4000	0.00029428
368.6000	0.00029373
368.8000	0.00029289
369.0000	0.00029404
369.2000	0.00029358
369.4000	0.00029502
369.6000	0.00029439
369.8000	0.00029311
370.0000	0.00029242
370.2000	0.00029277
370.4000	0.00029564
370.6000	0.00029204
370.8000	0.00029271
371.0000	0.00029360
371.2000	0.00029256
371.4000	0.00029305
371.6000	0.00029263
371.8000	0.00029282
372.0000	0.00029255
372.2000	0.00029273
372.4000	0.00029259
372.6000	0.00029279
372.8000	0.00029260
373.0000	0.00029260
373.2000	0.00029252
373.4000	0.00029266
373.6000	0.00029257
373.8000	0.00029266
374.0000	0.00029251
374.2000	0.00029251
374.4000	0.00029252
374.6000	0.00029252
374.8000	0.00029253
375.0000	0.00029249
375.2000	0.00029250
375.4000	0.00029256
375.6000	0.00029237
375.8000	0.00029235
376.0000	0.00029243
376.2000	0.00029237
376.4000	0.00029251
376.6000	0.00029228
376.8000	0.00029236
377.0000	0.00029233
377.2000	0.00029237
377.4000	0.00029233
377.6000	0.00029241
377.8000	0.00029226
378.0000	0.00029223
378.2000	0.00029233
378.4000	0.00029223
378.6000	0.00029227
378.8000	0.00029232
379.0000	0.00029231
379.2000	0.00029228
379.4000	0.00029231
379.6000	0.00029224
379.8000	0.00029211
380.0000	0.00029211
380.2000	0.00029221
380.4000	0.00029210
380.6000	0.00029211
380.8000	0.00029209
381.0000	0.00029213
381.2000	0.00029217
381.4000	0.00029208
381.6000	0.00029216
381.8000	0.00029209
382.0000	0.00029210
382.2000	0.00029207
382.4000	0.00029207
382.6000	0.00029200
382.8000	0.00029212
383.0000	0.00029207
383.2000	0.00029201
383.4000	0.00029202
383.6000	0.00029217
383.8000	0.00029192
384.0000	0.00029202
384.2000	0.00029202
384.4000	0.00029207
384.6000	0.00029198
384.8000	0.00029202
385.0000	0.00029200
385.2000	0.00029197
385.4000	0.00029188
385.6000	0.00029190
385.8000	0.00029179
386.0000	0.00029182
386.2000	0.00029191
386.4000	0.00029192
386.6000	0.00029190
386.8000	0.00029192
387.0000	0.00029190
387.2000	0.00029186
387.4000	0.00029189
387.6000	0.00029184
387.8000	0.00029174
388.0000	0.00029182
388.2000	0.00029178
388.4000	0.00029185
388.6000	0.00029175
388.8000	0.00029176
389.0000	0.00029178
389.2000	0.00029179
389.4000	0.00029171
389.6000	0.00029186
389.8000	0.00029179
390.0000	0.00029164
390.2000	0.00029184
390.4000	0.00029166
390.6000	0.00029169
390.8000	0.00029171
391.0000	0.00029175
391.2000	0.00029170
391.4000	0.00029162
391.6000	0.00029153
391.8000	0.00029166
392.0000	0.00029165
392.2000	0.00029165
392.4000	0.00029154
392.6000	0.00029175
392.8000	0.00029171
393.0000	0.00029153
393.2000	0.00029157
393.4000	0.00029165
393.6000	0.00029161
393.8000	0.00029152
394.0000	0.00029155
394.2000	0.00029144
394.4000	0.00029150
394.6000	0.00029158
394.8000	0.00029149
395.0000	0.00029141
395.2000	0.00029144
395.4000	0.00029144
395.6000	0.00029145
395.8000	0.00029152
396.0000	0.00029153
396.2000	0.00029149
396.4000	0.00029150
396.6000	0.00029137
396.8000	0.00029141
397.0000	0.00029136
397.2000	0.00029138
397.4000	0.00029144
397.6000	0.00029128
397.8000	0.00029146
398.0000	0.00029136
398.2000	0.00029136
398.4000	0.00029145
398.6000	0.00029141
398.8000	0.00029141
399.0000	0.00029134
399.2000	0.00029132
399.4000	0.00029129
399.6000	0.00029136
399.8000	0.00029125
400.0000	0.00029131
400.2000	0.00029131
400.4000	0.00029132
400.6000	0.00029121
400.8000	0.00029130
401.0000	0.00029124
401.2000	0.00029119
401.4000	0.00029133
401.6000	0.00029123
401.8000	0.00029125
402.0000	0.00029119
402.2000	0.00029120
402.4000	0.00029119
402.6000	0.00029122
402.8000	0.00029114
403.0000	0.00029116
403.2000	0.00029108
403.4000	0.00029111
403.6000	0.00029112
403.8000	0.00029117
404.0000	0.00029115
404.2000	0.00029111
404.4000	0.00029113
404.6000	0.00029106
404.8000	0.00029119
405.0000	0.00029112
405.2000	0.00029085
405.4000	0.00029099
405.6000	0.00029101
405.8000	0.00029099
406.0000	0.00029094
406.2000	0.00029111
406.4000	0.00029096
406.6000	0.00029087
406.8000	0.00029105
407.0000	0.00029096
407.2000	0.00029090
407.4000	0.00029089
407.6000	0.00029099
407.8000	0.00029095
408.0000	0.00029091
408.2000	0.00029105
408.4000	0.00029103
408.6000	0.00029085
408.8000	0.00029091
409.0000	0.00029087
409.2000	0.00029087
409.4000	0.00029092
409.6000	0.00029097
409.8000	0.00029093
410.0000	0.00029087
410.2000	0.00029091
410.4000	0.00029085
410.6000	0.00029095
410.8000	0.00029085
411.0000	0.00029087
411.2000	0.00029077
411.4000	0.00029075
411.6000	0.00029074
411.8000	0.00029080
412.0000	0.00029072
412.2000	0.00029081
412.4000	0.00029075
412.6000	0.00029085
412.8000	0.00029078
413.0000	0.00029071
413.2000	0.00029073
413.4000	0.00029069
413.6000	0.00029071
413.8000	0.00029071
414.0000	0.00029063
414.2000	0.00029060
414.4000	0.00029039
414.6000	0.00029036
414.8000	0.00028772
415.0000	0.00029056
415.2000	0.00028963
415.4000	0.00028706
415.6000	0.00027373
415.8000	0.00027079
416.0000	0.00027061
416.2000	0.00027101
416.4000	0.00027093
416.6000	0.00027076
416.8000	0.00027076
417.0000	0.00027069
417.2000	0.00027069
417.4000	0.00027067
417.6000	0.00027068
417.8000	0.00027073
418.0000	0.00027065
418.2000	0.00027058
418.4000	0.00027065
418.6000	0.00027073
418.8000	0.00027053
419.0000	0.00027062
419.2000	0.00027069
419.4000	0.00027062
419.6000	0.00027051
419.8000	0.00027057
420.0000	0.00027059
420.2000	0.00027053
420.4000	0.00027053
420.6000	0.00027051
420.8000	0.00027052
421.0000	0.00027049
421.2000	0.00027049
421.4000	0.00027047
421.6000	0.00027040
421.8000	0.00027050
422.0000	0.00027042
422.2000	0.00027045
422.4000	0.00027052
422.6000	0.00027046
422.8000	0.00027040
423.0000	0.00027043
423.2000	0.00027047
423.4000	0.00027038
423.6000	0.00027037
423.8000	0.00027030
424.0000	0.00027036
424.2000	0.00027039
424.4000	0.00027038
424.6000	0.00027036
424.8000	0.00027043
425.0000	0.00027039
425.2000	0.00027036
425.4000	0.00027031
425.6000	0.00027044
425.8000	0.00027033
426.0000	0.00027034
426.2000	0.00027027
426.4000	0.00027031
426.6000	0.00027026
426.8000	0.00027031
427.0000	0.00027021
427.2000	0.00027029
427.4000	0.00027021
427.6000	0.00027019
427.8000	0.00027020
428.0000	0.00027025
428.2000	0.00027027
428.4000	0.00027026
428.6000	0.00027015
428.8000	0.00027015
429.0000	0.00027013
429.2000	0.00027018
429.4000	0.00027024
429.6000	0.00027017
429.8000	0.00027017
430.0000	0.00027016
430.2000	0.00027012
430.4000	0.00027014
430.6000	0.00027011
430.8000	0.00027014
431.0000	0.00027014
431.2000	0.00027011
431.4000	0.00027010
431.6000	0.00027010
431.8000	0.00027019
432.0000	0.00027017
432.2000	0.00027006
432.4000	0.00027014
432.6000	0.00027003
432.8000	0.00027001
433.0000	0.00027005
433.2000	0.00026996
433.4000	0.00027005
433.6000	0.00027000
433.8000	0.00026997
434.0000	0.00026996
434.2000	0.00027003
434.4000	0.00026992
434.6000	0.00026990
434.8000	0.00026995
435.0000	0.00026997
435.2000	0.00026993
435.4000	0.00026982
435.6000	0.00026986
435.8000	0.00026993
436.0000	0.00026988
436.2000	0.00026986
436.4000	0.00026988
436.6000	0.00026996
436.8000	0.00026988
437.0000	0.00026987
437.2000	0.00026987
437.4000	0.00026988
437.6000	0.00026977
437.8000	0.00026968
438.0000	0.00026987
438.2000	0.00026986
438.4000	0.00026980
438.6000	0.00026981
438.8000	0.00026983
439.0000	0.00026985
439.2000	0.00026978
439.4000	0.00026969
439.6000	0.00026978
439.8000	0.00026978
440.0000	0.00026971
440.2000	0.00026984
440.4000	0.00026964
440.6000	0.00026967
440.8000	0.00026980
441.0000	0.00026962
441.2000	0.00026966
441.4000	0.00026973
441.6000	0.00026979
441.8000	0.00026980
442.0000	0.00026971
442.2000	0.00026975
442.4000	0.00026962
442.6000	0.00026965
442.8000	0.00026963
443.0000	0.00026957
443.2000	0.00026961
443.4000	0.00026964
443.6000	0.00026962
443.8000	0.00026952
444.0000	0.00026959
444.2000	0.00026974
444.4000	0.00026960
444.6000	0.00026956
444.8000	0.00026962
445.0000	0.00026958
445.2000	0.00026951
445.4000	0.00026963
445.6000	0.00026963
445.8000	0.00026954
446.0000	0.00026944
446.2000	0.00026956
446.4000	0.00026945
446.6000	0.00026945
446.8000	0.00026944
447.0000	0.00026941
447.2000	0.00026949
447.4000	0.00026944
447.6000	0.00026935
447.8000	0.00026942
448.0000	0.00026947
448.2000	0.00026946
448.4000	0.00026933
448.6000	0.00026937
448.8000	0.00026937
449.0000	0.00026938
449.2000	0.00026933
449.4000	0.00026935
449.6000	0.00026938
449.8000	0.00026925
450.0000	0.00026937
450.2000	0.00026926
450.4000	0.00026955
450.6000	0.00027114
450.8000	0.00027148
451.0000	0.00028325
451.2000	0.00028400
451.4000	0.00028504
451.6000	0.00028577
451.8000	0.00028517
452.0000	0.00028538
452.2000	0.00028669
452.4000	0.00028530
452.6000	0.00028487
452.8000	0.00028557
453.0000	0.00028747
453.2000	0.00028620
453.4000	0.00028537
453.6000	0.00028540
453.8000	0.00028603
454.0000	0.00028496
454.2000	0.00028401
454.4000	0.00028580
454.6000	0.00028609
454.8000	0.00028458
455.0000	0.00028701
455.2000	0.00028456
455.4000	0.00028451
455.6000	0.00028566
455.8000	0.00028379
456.0000	0.00028366
456.2000	0.00028402
456.4000	0.00028575
456.6000	0.00028536
456.8000	0.00028495
457.0000	0.00028347
457.2000	0.00028481
457.4000	0.00028439
457.6000	0.00028321
457.8000	0.00028510
458.0000	0.00028355
458.2000	0.00028516
458.4000	0.00028504
458.6000	0.00028389
458.8000	0.00028393
459.0000	0.00028409
459.2000	0.00028390
459.4000	0.00028449
459.6000	0.00028325
459.8000	0.00028468
460.0000	0.00028460
460.2000	0.00028422
460.4000	0.00028364
460.6000	0.00028547
460.8000	0.00028589
461.0000	0.00028496
461.2000	0.00028431
461.4000	0.00028364
461.6000	0.00028527
461.8000	0.00028299
462.0000	0.00028344
462.2000	0.00028373
462.4000	0.00028425
462.6000	0.00028354
462.8000	0.00028351
463.0000	0.00028297
463.2000	0.00028371
463.4000	0.00028295
463.6000	0.00028459
463.8000	0.00028346
464.0000	0.00028446
464.2000	0.00028428
464.4000	0.00028291
464.6000	0.00028342
464.8000	0.00028263
465.0000	0.00028309
465.2000	0.00028356
465.4000	0.00028331
465.6000	0.00028408
465.8000	0.00028320
466.0000	0.00028310
466.2000	0.00028316
466.4000	0.00028276
466.6000	0.00028315
466.8000	0.00028417
467.0000	0.00028326
467.2000	0.00028333
467.4000	0.00028344
467.6000	0.00028243
467.8000	0.00028356
468.0000	0.00028276
468.2000	0.00028373
468.4000	0.00028364
468.6000	0.00028278
468.8000	0.00028370
469.0000	0.00028200
469.2000	0.00028326
469.4000	0.00028296
469.6000	0.00028333
469.8000	0.00028290
470.0000	0.00028243
470.2000	0.00028226
470.4000	0.00028285
470.6000	0.00028251
470.8000	0.00028290
471.0000	0.00028262
471.2000	0.00028371
471.4000	0.00028287
471.6000	0.00028226
471.8000	0.00028256
472.0000	0.00028259
472.2000	0.00028296
472.4000	0.00028261
472.6000	0.00028218
472.8000	0.00028180
473.0000	0.00028323
473.2000	0.00028300
473.4000	0.00028225
473.6000	0.00028191
473.8000	0.00028201
474.0000	0.00028186
474.2000	0.00028167
474.4000	0.00028289
474.6000	0.00028257
474.8000	0.00028264
475.0000	0.00028206
475.2000	0.00028194
475.4000	0.00028262
475.6000	0.00028213
475.8000	0.00028261
476.0000	0.00028200
476.2000	0.00028068
476.4000	0.00028134
476.6000	0.00028193
476.8000	0.00028250
477.0000	0.00028172
477.2000	0.00028212
477.4000	0.00028170
477.6000	0.00028165
477.8000	0.00028127
478.0000	0.00028142
478.2000	0.00028037
478.4000	0.00028129
478.6000	0.00028227
478.8000	0.00028259
479.0000	0.00028075
479.2000	0.00028196
479.4000	0.00028133
479.6000	0.00028132
479.8000	0.00028098
480.0000	0.00028093
480.2000	0.00028185
480.4000	0.00028101
480.6000	0.00028164
480.8000	0.00028130
481.0000	0.00028064
481.2000	0.00028142
481.4000	0.00028138
481.6000	0.00028114
481.8000	0.00028118
482.0000	0.00028078
482.2000	0.00028057
482.4000	0.00028058
482.6000	0.00028127
482.8000	0.00028155
483.0000	0.00028076
483.2000	0.00028163
483.4000	0.00028056
483.6000	0.00028026
483.8000	0.00028151
484.0000	0.00028054
484.2000	0.00028074
484.4000	0.00028156
484.6000	0.00028045
484.8000	0.00028043
485.0000	0.00028073
485.2000	0.00028056
485.4000	0.00028128
485.6000	0.00028091
485.8000	0.00028086
486.0000	0.00028073
486.2000	0.00028100
486.4000	0.00028026
486.6000	0.00027989
486.8000	0.00028047
487.0000	0.00028107
487.2000	0.00028068
487.4000	0.00028086
487.6000	0.00028146
487.8000	0.00028069
488.0000	0.00027976
488.2000	0.00027999
488.4000	0.00028048
488.6000	0.00028029
488.8000	0.00027999
489.0000	0.00028047
489.2000	0.00028104
489.4000	0.00027973
489.6000	0.00028015
489.8000	0.00028001
490.0000	0.00028051
490.2000	0.00028033
490.4000	0.00028028
490.6000	0.00028051
490.8000	0.00028015
491.0000	0.00028000
491.2000	0.00028018
491.4000	0.00028041
491.6000	0.00028054
491.8000	0.00028020
492.0000	0.00027987
492.2000	0.00028039
492.4000	0.00028039
492.6000	0.00027979
492.8000	0.00027977
493.0000	0.00027989
493.2000	0.00027979
493.4000	0.00027985
493.6000	0.00027969
493.8000	0.00028051
494.0000	0.00027913
494.2000	0.00027989
494.4000	0.00028007
494.6000	0.00027961
494.8000	0.00027953
495.0000	0.00027961
495.2000	0.00027971
495.4000	0.00027958
495.6000	0.00028009
495.8000	0.00027992
496.0000	0.00027945
496.2000	0.00027962
496.4000	0.00027924
496.6000	0.00027968
496.8000	0.00027945
497.0000	0.00027952
497.2000	0.00027939
497.4000	0.00027935
497.6000	0.00027958
497.8000	0.00027923
498.0000	0.00027891
498.2000	0.00027937
498.4000	0.00027916
498.6000	0.00027935
498.8000	0.00027891
499.0000	0.00027945
499.2000	0.00027920
499.4000	0.00027952
499.6000	0.00027920
499.8000	0.00027906
500.0000	0.00027896
500.2000	0.00027923
500.4000	0.00027956
500.6000	0.00027916
500.8000	0.00027935
501.0000	0.00027882
501.2000	0.00027938
501.4000	0.00027895
501.6000	0.00027887
501.8000	0.00027897
502.0000	0.00027880
502.2000	0.00027896
502.4000	0.00027883
502.6000	0.00027856
502.8000	0.00027864
503.0000	0.00027889
503.2000	0.00027881
503.4000	0.00027896
503.6000	0.00027899
503.8000	0.00027888
504.0000	0.00027855
504.2000	0.00027852
504.4000	0.00027850
504.6000	0.00027853
504.8000	0.00027920
505.0000	0.00027886
505.2000	0.00027861
505.4000	0.00027928
505.6000	0.00027844
505.8000	0.00027888
506.0000	0.00027837
506.2000	0.00027863
506.4000	0.00027841
506.6000	0.00027871
506.8000	0.00027853
507.0000	0.00027836
507.2000	0.00027887
507.4000	0.00027887
507.6000	0.00027837
507.8000	0.00027879
508.0000	0.00027860
508.2000	0.00027833
508.4000	0.00027858
508.6000	0.00027870
508.8000	0.00027833
509.0000	0.00027834
509.2000	0.00027861
509.4000	0.00027802
509.6000	0.00027859
509.8000	0.00027851
510.0000	0.00027847
510.2000	0.00027869
510.4000	0.00027809
510.6000	0.00027816
510.8000	0.00027823
511.0000	0.00027793
511.2000	0.00027811
511.4000	0.00027850
511.6000	0.00027799
511.8000	0.00027842
512.0000	0.00027808
512.2000	0.00027817
512.4000	0.00027809
512.6000	0.00027839
512.8000	0.00027837
513.0000	0.00027790
513.2000	0.00027785
513.4000	0.00027789
513.6000	0.00027796
513.8000	0.00027796
514.0000	0.00027800
514.2000	0.00027788
514.4000	0.00027802
514.6000	0.00027771
514.8000	0.00027799
515.0000	0.00027776
515.2000	0.00027780
515.4000	0.00027754
515.6000	0.00027797
515.8000	0.00027816
516.0000	0.00027803
516.2000	0.00027793
516.4000	0.00027794
516.6000	0.00027766
516.8000	0.00027760
517.0000	0.00027767
517.2000	0.00027804
517.4000	0.00027726
517.6000	0.00027730
517.8000	0.00027815
518.0000	0.00027757
518.2000	0.00027810
518.4000	0.00027749
518.6000	0.00027762
518.8000	0.00027763
519.0000	0.00027737
519.2000	0.00027721
519.4000	0.00027743
519.6000	0.00027776
519.8000	0.00027749
520.0000	0.00027753
520.2000	0.00027706
520.4000	0.00027752
520.6000	0.00027692
520.8000	0.00027725
521.0000	0.00027664
521.2000	0.00027753
521.4000	0.00027739
521.6000	0.00027693
521.8000	0.00027685
522.0000	0.00027775
522.2000	0.00027704
522.4000	0.00027667
522.6000	0.00027635
522.8000	0.00027674
523.0000	0.00027632
523.2000	0.00027649
523.4000	0.00027788
523.6000	0.00027763
523.8000	0.00027655
524.0000	0.00027651
524.2000	0.00027674
524.4000	0.00027644
524.6000	0.00027682
524.8000	0.00027604
525.0000	0.00027682
525.2000	0.00027684
525.4000	0.00027630
525.6000	0.00027673
525.8000	0.00027663
526.0000	0.00027642
526.2000	0.00027652
526.4000	0.00027634
526.6000	0.00027627
526.8000	0.00027638
527.0000	0.00027619
527.2000	0.00027629
527.4000	0.00027620
527.6000	0.00027632
527.8000	0.00027613
528.0000	0.00027627
528.2000	0.00027617
528.4000	0.00027620
528.6000	0.00027626
528.8000	0.00027619
529.0000	0.00027617
529.2000	0.00027610
529.4000	0.00027595
529.6000	0.00027614
529.8000	0.00027606
530.0000	0.00027618
530.2000	0.00027604
530.4000	0.00027614
530.6000	0.00027599
530.8000	0.00027603
531.0000	0.00027611
531.2000	0.00027604
531.4000	0.00027597
531.6000	0.00027606
531.8000	0.00027591
532.0000	0.00027601
532.2000	0.00027591
532.4000	0.00027595
532.6000	0.00027591
532.8000	0.00027598
533.0000	0.00027587
533.2000	0.00027586
533.4000	0.00027601
533.6000	0.00027594
533.8000	0.00027592
534.0000	0.00027597
534.2000	0.00027584
534.4000	0.00027584
534.6000	0.00027585
534.8000	0.00027582
535.0000	0.00027587
535.2000	0.00027592
535.4000	0.00027582
535.6000	0.00027587
535.8000	0.00027574
536.0000	0.00027581
536.2000	0.00027573
536.4000	0.00027583
536.6000	0.00027574
536.8000	0.00027566
537.0000	0.00027576
537.2000	0.00027575
537.4000	0.00027567
537.6000	0.00027576
537.8000	0.00027568
538.0000	0.00027572
538.2000	0.00027580
538.4000	0.00027568
538.6000	0.00027573
538.8000	0.00027560
539.0000	0.00027566
539.2000	0.00027571
539.4000	0.00027564
539.6000	0.00027559
539.8000	0.00027559
540.0000	0.00027563
540.2000	0.00027553
540.4000	0.00027557
540.6000	0.00027556
540.8000	0.00027557
541.0000	0.00027549
541.2000	0.00027548
541.4000	0.00027559
541.6000	0.00027554
541.8000	0.00027553
542.0000	0.00027556
542.2000	0.00027552
542.4000	0.00027554
542.6000	0.00027547
542.8000	0.00027549
543.0000	0.00027544
543.2000	0.00027544
543.4000	0.00027546
543.6000	0.00027549
543.8000	0.00027542
544.0000	0.00027548
544.2000	0.00027545
544.4000	0.00027550
544.6000	0.00027534
544.8000	0.00027546
545.0000	0.00027550
545.2000	0.00027540
545.4000	0.00027534
545.6000	0.00027547
545.8000	0.00027538
546.0000	0.00027533
546.2000	0.00027542
546.4000	0.00027532
546.6000	0.00027533
546.8000	0.00027525
547.0000	0.00027534
547.2000	0.00027527
547.4000	0.00027531
547.6000	0.00027524
547.8000	0.00027528
548.0000	0.00027536
548.2000	0.00027526
548.4000	0.00027522
548.6000	0.00027522
548.8000	0.00027521
549.0000	0.00027520
549.2000	0.00027523
549.4000	0.00027528
549.6000	0.00027522
549.8000	0.00027521
550.0000	0.00027519
550.2000	0.00027508
550.4000	0.00027515
550.6000	0.00027497
550.8000	0.00027499
551.0000	0.00027498
551.2000	0.00027508
551.4000	0.00027500
551.6000	0.00027522
551.8000	0.00027513
552.0000	0.00027489
552.2000	0.00027505
552.4000	0.00027515
552.6000	0.00027501
552.8000	0.00027510
553.0000	0.00027502
553.2000	0.00027494
553.4000	0.00027502
553.6000	0.00027489
553.8000	0.00027506
554.0000	0.00027498
554.2000	0.00027473
554.4000	0.00027501
554.6000	0.00027492
554.8000	0.00027496
555.0000	0.00027492
555.2000	0.00027494
555.4000	0.00027496
555.6000	0.00027493
555.8000	0.00027499
556.0000	0.00027500
556.2000	0.00027493
556.4000	0.00027478
556.6000	0.00027483
556.8000	0.00027497
557.0000	0.00027500
557.2000	0.00027487
557.4000	0.00027489
557.6000	0.00027493
557.8000	0.00027476
558.0000	0.00027478
558.2000	0.00027496
558.4000	0.00027489
558.6000	0.00027492
558.8000	0.00027478
559.0000	0.00027468
559.2000	0.00027480
559.4000	0.00027486
559.6000	0.00027476
559.8000	0.00027478
560.0000	0.00027473
560.2000	0.00027477
560.4000	0.00027475
560.6000	0.00027477
560.8000	0.00027478
561.0000	0.00027467
561.2000	0.00027464
561.4000	0.00027466
561.6000	0.00027479
561.8000	0.00027476
562.0000	0.00027461
562.2000	0.00027462
562.4000	0.00027464
562.6000	0.00027462
562.8000	0.00027461
563.0000	0.00027544
563.2000	0.00027474
563.4000	0.00027507
563.6000	0.00027465
563.8000	0.00025882
564.0000	0.00025693
564.2000	0.00025811
564.4000	0.00025797
564.6000	0.00025794
564.8000	0.00025801
565.0000	0.00025801
565.2000	0.00025795
565.4000	0.00025781
565.6000	0.00025794
565.8000	0.00025796
566.0000	0.00025795
566.2000	0.00025775
566.4000	0.00025788
566.6000	0.00025787
566.8000	0.00025791
567.0000	0.00025776
567.2000	0.00025786
567.4000	0.00025784
567.6000	0.00025773
567.8000	0.00025773
568.0000	0.00025777
568.2000	0.00025769
568.4000	0.00025779
568.6000	0.00025771
568.8000	0.00025769
569.0000	0.00025770
569.2000	0.00025771
569.4000	0.00025770
569.6000	0.00025764
569.8000	0.00025772
570.0000	0.00025772
570.2000	0.00025767
570.4000	0.00025770
570.6000	0.00025759
570.8000	0.00025768
571.0000	0.00025775
571.2000	0.00025779
571.4000	0.00025767
571.6000	0.00025775
571.8000	0.00025765
572.0000	0.00025760
572.2000	0.00025761
572.4000	0.00025775
572.6000	0.00025780
572.8000	0.00025763
573.0000	0.00025753
573.2000	0.00025764
573.4000	0.00025761
573.6000	0.00025757
573.8000	0.00025749
574.0000	0.00025757
574.2000	0.00025761
574.4000	0.00025759
574.6000	0.00025763
574.8000	0.00025765
575.0000	0.00025753
575.2000	0.00025751
575.4000	0.00025740
575.6000	0.00025753
575.8000	0.00025750
576.0000	0.00025742
576.2000	0.00025748
576.4000	0.00025747
576.6000	0.00025748
576.8000	0.00025740
577.0000	0.00025754
577.2000	0.00025739
577.4000	0.00025745
577.6000	0.00025749
577.8000	0.00025747
578.0000	0.00025735
578.2000	0.00025743
578.4000	0.00025748
578.6000	0.00025745
578.8000	0.00025744
579.0000	0.00025741
579.2000	0.00025743
579.4000	0.00025750
579.6000	0.00025735
579.8000	0.00025731
580.0000	0.00025744
580.2000	0.00025740
580.4000	0.00025734
580.6000	0.00025737
580.8000	0.00025745
581.0000	0.00025741
581.2000	0.00025731
581.4000	0.00025734
581.6000	0.00025730
581.8000	0.00025729
582.0000	0.00025723
582.2000	0.00025722
582.4000	0.00025722
582.6000	0.00025730
582.8000	0.00025729
583.0000	0.00025725
583.2000	0.00025719
583.4000	0.00025721
583.6000	0.00025723
583.8000	0.00025715
584.0000	0.00025731
584.2000	0.00025714
584.4000	0.00025721
584.6000	0.00025724
584.8000	0.00025727
585.0000	0.00025721
585.2000	0.00025725
585.4000	0.00025724
585.6000	0.00025707
585.8000	0.00025713
586.0000	0.00025719
586.2000	0.00025706
586.4000	0.00025714
586.6000	0.00025709
586.8000	0.00025709
587.0000	0.00025699
587.2000	0.00025716
587.4000	0.00025705
587.6000	0.00025711
587.8000	0.00025701
588.0000	0.00025704
588.2000	0.00025696
588.4000	0.00025707
588.6000	0.00025707
588.8000	0.00025698
589.0000	0.00025711
589.2000	0.00025684
589.4000	0.00025696
589.6000	0.00025698
589.8000	0.00025702
590.0000	0.00025696
590.2000	0.00025710
590.4000	0.00025700
590.6000	0.00025699
590.8000	0.00025701
591.0000	0.00025703
591.2000	0.00025702
591.4000	0.00025694
591.6000	0.00025690
591.8000	0.00025698
592.0000	0.00025693
592.2000	0.00025695
592.4000	0.00025693
592.6000	0.00025694
592.8000	0.00025692
593.0000	0.00025693
593.2000	0.00025687
593.4000	0.00025688
593.6000	0.00025685
593.8000	0.00025679
594.0000	0.00025690
594.2000	0.00025690
594.4000	0.00025682
594.6000	0.00025686
594.8000	0.00025684
595.0000	0.00025684
595.2000	0.00025677
595.4000	0.00025674
595.6000	0.00025668
595.8000	0.00025688
596.0000	0.00025672
596.2000	0.00025677
596.4000	0.00025677
596.6000	0.00025684
596.8000	0.00025683
597.0000	0.00025676
597.2000	0.00025677
597.4000	0.00025666
597.6000	0.00025669
597.8000	0.00025672
598.0000	0.00025663
598.2000	0.00025676
598.4000	0.00025670
598.6000	0.00025671
598.8000	0.00025671
599.0000	0.00025669
599.2000	0.00025670
599.4000	0.00025662
599.6000	0.00025668
599.8000	0.00025669
600.0000	0.00025664
600.2000	0.00025659
600.4000	0.00025670
600.6000	0.00025661
600.8000	0.00025662
601.0000	0.00025658
601.2000	0.00025659
601.4000	0.00025658
601.6000	0.00025652
601.8000	0.00025666
602.0000	0.00025658
602.2000	0.00025653
602.4000	0.00025655
602.6000	0.00025656
602.8000	0.00025656
603.0000	0.00025659
603.2000	0.00025650
603.4000	0.00025650
603.6000	0.00025656
603.8000	0.00025654
604.0000	0.00025652
604.2000	0.00025657
604.4000	0.00025802
604.6000	0.00026188
604.8000	0.00026215
605.0000	0.00026248
605.2000	0.00026167
605.4000	0.00026254
605.6000	0.00026125
605.8000	0.00026076
606.0000	0.00026241
606.2000	0.00026118
606.4000	0.00026191
606.6000	0.00026212
606.8000	0.00026257
607.0000	0.00026218
607.2000	0.00026183
607.4000	0.00026161
607.6000	0.00026170
607.8000	0.00026112
608.0000	0.00026157
608.2000	0.00026172
608.4000	0.00026060
608.6000	0.00026207
608.8000	0.00026115
609.0000	0.00026165
609.2000	0.00026159
609.4000	0.00026159
609.6000	0.00026150
609.8000	0.00026267
610.0000	0.00026176
610.2000	0.00026210
610.4000	0.00026138
610.6000	0.00026098
610.8000	0.00026198
611.0000	0.00026120
611.2000	0.00026122
611.4000	0.00026115
611.6000	0.00026064
611.8000	0.00026105
612.0000	0.00026092
612.2000	0.00026082
612.4000	0.00026017
612.6000	0.00026063
612.8000	0.00026102
613.0000	0.00026064
613.2000	0.00026130
613.4000	0.00026106
613.6000	0.00026079
613.8000	0.00026118
614.0000	0.00026098
614.2000	0.00026034
614.4000	0.00026019
614.6000	0.00026117
614.8000	0.00026054
615.0000	0.00026093
615.2000	0.00026001
615.4000	0.00026048
615.6000	0.00026067
615.8000	0.00025997
616.0000	0.00026014
616.2000	0.00026032
616.4000	0.00025960
616.6000	0.00026042
616.8000	0.00026003
617.0000	0.00025999
617.2000	0.00026045
617.4000	0.00026007
617.6000	0.00026038
617.8000	0.00025978
618.0000	0.00026011
618.2000	0.00026035
618.4000	0.00026005
618.6000	0.00026031
618.8000	0.00026008
619.0000	0.00025925
619.2000	0.00026001
619.4000	0.00025980
619.6000	0.00026019
619.8000	0.00025970
620.0000	0.00025934
620.2000	0.00026002
620.4000	0.00026032
620.6000	0.00025939
620.8000	0.00025976
621.0000	0.00025954
621.2000	0.00026018
621.4000	0.00025949
621.6000	0.00025981
621.8000	0.00025950
622.0000	0.00025968
622.2000	0.00025918
622.4000	0.00025936
622.6000	0.00025931
622.8000	0.00025983
623.0000	0.00025942
623.2000	0.00025968
623.4000	0.00025908
623.6000	0.00025906
623.8000	0.00025926
624.0000	0.00025893
624.2000	0.00025914
624.4000	0.00025944
624.6000	0.00025907
624.8000	0.00025899
625.0000	0.00025933
625.2000	0.00025893
625.4000	0.00025862
625.6000	0.00025873
625.8000	0.00025908
626.0000	0.00025849
626.2000	0.00025902
626.4000	0.00025903
626.6000	0.00025845
626.8000	0.00025874
627.0000	0.00025890
627.2000	0.00025915
627.4000	0.00025903
627.6000	0.00025863
627.8000	0.00025899
628.0000	0.00025845
628.2000	0.00025823
628.4000	0.00025847
628.6000	0.00025841
628.8000	0.00025842
629.0000	0.00025877
629.2000	0.00025848
629.4000	0.00025827
629.6000	0.00025821
629.8000	0.00025880
630.0000	0.00025875
630.2000	0.00025827
630.4000	0.00025847
630.6000	0.00025839
630.8000	0.00025820
631.0000	0.00025872
631.2000	0.00025887
631.4000	0.00025814
631.6000	0.00025840
631.8000	0.00025821
632.0000	0.00025835
632.2000	0.00025817
632.4000	0.00025808
632.6000	0.00025794
632.8000	0.00025808
633.0000	0.00025801
633.2000	0.00025802
633.4000	0.00025806
633.6000	0.00025802
633.8000	0.00025801
634.0000	0.00025785
634.2000	0.00025786
634.4000	0.00025783
634.6000	0.00025802
634.8000	0.00025781
635.0000	0.00025762
635.2000	0.00025797
635.4000	0.00025792
635.6000	0.00025771
635.8000	0.00025776
636.0000	0.00025770
636.2000	0.00025791
636.4000	0.00025760
636.6000	0.00025829
636.8000	0.00025790
637.0000	0.00025745
637.2000	0.00025758
637.4000	0.00025759
637.6000	0.00025710
637.8000	0.00025756
638.0000	0.00025734
638.2000	0.00025772
638.4000	0.00025754
638.6000	0.00025769
638.8000	0.00025722
639.0000	0.00025731
639.2000	0.00025701
639.4000	0.00025788
639.6000	0.00025681
639.8000	0.00025710
640.0000	0.00025707
640.2000	0.00025707
640.4000	0.00025698
640.6000	0.00025700
640.8000	0.00025706
641.0000	0.00025698
641.2000	0.00025693
641.4000	0.00025703
641.6000	0.00025701
641.8000	0.00025694
642.0000	0.00025689
642.2000	0.00025682
642.4000	0.00025692
642.6000	0.00025688
642.8000	0.00025689
643.0000	0.00025692
643.2000	0.00025683
643.4000	0.00025680
643.6000	0.00025683
643.8000	0.00025682
644.0000	0.00025672
644.2000	0.00025673
644.4000	0.00025681
644.6000	0.00025674
644.8000	0.00025678
645.0000	0.00025673
645.2000	0.00025669
645.4000	0.00025678
645.6000	0.00025674
645.8000	0.00025674
646.0000	0.00025657
646.2000	0.00025665
646.4000	0.00025671
646.6000	0.00025661
646.8000	0.00025655
647.0000	0.00025662
647.2000	0.00025656
647.4000	0.00025667
647.6000	0.00025661
647.8000	0.00025662
648.0000	0.00025661
648.2000	0.00025655
648.4000	0.00025656
648.6000	0.00025666
648.8000	0.00025644
649.0000	0.00025648
649.2000	0.00025653
649.4000	0.00025652
649.6000	0.00025644
649.8000	0.00025652
650.0000	0.00025643
650.2000	0.00025652
650.4000	0.00025655
650.6000	0.00025651
650.8000	0.00025643
651.0000	0.00025642
651.2000	0.00025640
651.4000	0.00025641
651.6000	0.00025642
651.8000	0.00025643
652.0000	0.00025643
652.2000	0.00025636
652.4000	0.00025648
652.6000	0.00025638
652.8000	0.00025630
653.0000	0.00025635
653.2000	0.00025644
653.4000	0.00025638
653.6000	0.00025636
653.8000	0.00025633
654.0000	0.00025631
654.2000	0.00025627
654.4000	0.00025636
654.6000	0.00025633
654.8000	0.00025640
655.0000	0.00025623
655.2000	0.00025634
655.4000	0.00025631
655.6000	0.00025627
655.8000	0.00025633
656.0000	0.00025619
656.2000	0.00025630
656.4000	0.00025623
656.6000	0.00025617
656.8000	0.00025619
657.0000	0.00025622
657.2000	0.00025619
657.4000	0.00025613
657.6000	0.00025623
657.8000	0.00025618
658.0000	0.00025618
658.2000	0.00025616
658.4000	0.00025609
658.6000	0.00025617
658.8000	0.00025617
659.0000	0.00025614
659.2000	0.00025623
659.4000	0.00025611
659.6000	0.00025610
659.8000	0.00025609
660.0000	0.00025602
660.2000	0.00025610
660.4000	0.00025615
660.6000	0.00025607
660.8000	0.00025614
661.0000	0.00025607
661.2000	0.00025601
661.4000	0.00025608
661.6000	0.00025598
661.8000	0.00025604
662.0000	0.00025614
662.2000	0.00025603
662.4000	0.00025595
662.6000	0.00025595
662.8000	0.00025585
663.0000	0.00025598
663.2000	0.00025596
663.4000	0.00025584
663.6000	0.00025588
663.8000	0.00025592
664.0000	0.00025607
664.2000	0.00025600
664.4000	0.00025597
664.6000	0.00025593
664.8000	0.00025593
665.0000	0.00025586
665.2000	0.00025593
665.4000	0.00025589
665.6000	0.00025595
665.8000	0.00025598
666.0000	0.00025590
666.2000	0.00025598
666.4000	0.00025591
666.6000	0.00025581
666.8000	0.00025579
667.0000	0.00025596
667.2000	0.00025586
667.4000	0.00025583
667.6000	0.00025586
667.8000	0.00025583
668.0000	0.00025581
668.2000	0.00025581
668.4000	0.00025579
668.6000	0.00025575
668.8000	0.00025574
669.0000	0.00025581
669.2000	0.00025573
669.4000	0.00025578
669.6000	0.00025577
669.8000	0.00025573
670.0000	0.00025576
670.2000	0.00025567
670.4000	0.00025579
670.6000	0.00025573
670.8000	0.00025576
671.0000	0.00025570
671.2000	0.00025569
671.4000	0.00025566
671.6000	0.00025566
671.8000	0.00025569
672.0000	0.00025557
672.2000	0.00025571
672.4000	0.00025572
672.6000	0.00025554
672.8000	0.00025557
673.0000	0.00025560
673.2000	0.00025553
673.4000	0.00025574
673.6000	0.00025562
673.8000	0.00025564
674.0000	0.00025553
674.2000	0.00025563
674.4000	0.00025559
674.6000	0.00025560
674.8000	0.00025564
675.0000	0.00025558
675.2000	0.00025562
675.4000	0.00025553
675.6000	0.00025554
675.8000	0.00025548
676.0000	0.00025557
676.2000	0.00025557
676.4000	0.00025540
676.6000	0.00025554
676.8000	0.00025547
677.0000	0.00025540
677.2000	0.00025559
677.4000	0.00025537
677.6000	0.00025543
677.8000	0.00025529
678.0000	0.00025552
678.2000	0.00025544
678.4000	0.00025539
678.6000	0.00025546
678.8000	0.00025546
679.0000	0.00025547
679.2000	0.00025545
679.4000	0.00025538
679.6000	0.00025543
679.8000	0.00025535
680.0000	0.00025545
680.2000	0.00025531
680.4000	0.00025541
680.6000	0.00025534
680.8000	0.00025544
681.0000	0.00025536
681.2000	0.00025536
681.4000	0.00025529
681.6000	0.00025542
681.8000	0.00025534
682.0000	0.00025525
682.2000	0.00025536
682.4000	0.00025522
682.6000	0.00025523
682.8000	0.00025530
683.0000	0.00025522
683.2000	0.00025521
683.4000	0.00025517
683.6000	0.00025527
683.8000	0.00025528
684.0000	0.00025520
684.2000	0.00025528
684.4000	0.00025520
684.6000	0.00025523
684.8000	0.00025511
685.0000	0.00025512
685.2000	0.00025517
685.4000	0.00025523
685.6000	0.00025516
685.8000	0.00025507
686.0000	0.00025521
686.2000	0.00025518
686.4000	0.00025523
686.6000	0.00025504
686.8000	0.00025509
687.0000	0.00025506
687.2000	0.00025523
687.4000	0.00025494
687.6000	0.00025515
687.8000	0.00025501
688.0000	0.00025509
688.2000	0.00025499
688.4000	0.00025506
688.6000	0.00025508
688.8000	0.00025509
689.0000	0.00025503
689.2000	0.00025503
689.4000	0.00025509
689.6000	0.00025501
689.8000	0.00025496
690.0000	0.00025499
690.2000	0.00025502
690.4000	0.00025502
690.6000	0.00025503
690.8000	0.00025495
691.0000	0.00025500
691.2000	0.00025484
691.4000	0.00025497
691.6000	0.00025489
691.8000	0.00025498
692.0000	0.00025498
692.2000	0.00025503
692.4000	0.00025494
692.6000	0.00025498
692.8000	0.00025493
693.0000	0.00025488
693.2000	0.00025503
693.4000	0.00025490
693.6000	0.00025494
693.8000	0.00025483
694.0000	0.00025493
694.2000	0.00025496
694.4000	0.00025498
694.6000	0.00025482
694.8000	0.00025493
695.0000	0.00025488
695.2000	0.00025481
695.4000	0.00025486
695.6000	0.00025496
695.8000	0.00025486
696.0000	0.00025479
696.2000	0.00025473
696.4000	0.00025471
696.6000	0.00025249
696.8000	0.00024951
697.0000	0.00024889
697.2000	0.00024874
697.4000	0.00024875
697.6000	0.00024872
697.8000	0.00024883
698.0000	0.00024875
698.2000	0.00024879
698.4000	0.00024877
698.6000	0.00024866
698.8000	0.00024884
699.0000	0.00024882
699.2000	0.00024876
699.4000	0.00024877
699.6000	0.00024878
699.8000	0.00024872
700.0000	0.00024869
700.2000	0.00024867
700.4000	0.00024869
700.6000	0.00024876
700.8000	0.00024865
701.0000	0.00024864
701.2000	0.00024870
701.4000	0.00024877
701.6000	0.00024864
701.8000	0.00024883
702.0000	0.00024862
702.2000	0.00024864
